[gd_scene load_steps=2 format=3 uid="uid://bwtlelmbdi8fg"]

[ext_resource type="PackedScene" uid="uid://c0xdqf8h1py5d" path="res://scene/environment/brick.tscn" id="1_060eu"]

[node name="BrickWallCornerCrevice" type="Node3D"]

[node name="Brick" parent="." instance=ExtResource("1_060eu")]
transform = Transform3D(1, 0, 0, 0, 1, 0, 0, 0, 1, 8.3561, 1, -0.0587567)

[node name="Brick2" parent="." instance=ExtResource("1_060eu")]
transform = Transform3D(0, -1, -4.37114e-08, 0, -4.37114e-08, 1, -1, 0, 0, -0.0584726, 1, 8.35581)

[node name="Brick3" parent="." instance=ExtResource("1_060eu")]
transform = Transform3D(0.422618, 0, 0.906308, 0, 1, 0, -0.906308, 0, 0.422618, 0.860766, 1, 4.04246)

[node name="Brick4" parent="." instance=ExtResource("1_060eu")]
transform = Transform3D(-0.906308, -5.61943e-08, 0.422618, 7.92319e-08, -1, 3.69465e-08, 0.422618, 6.69697e-08, 0.906308, 4.04275, 1, 0.860482)

[node name="Brick5" parent="." instance=ExtResource("1_060eu")]
transform = Transform3D(0.984808, 0, 0.173648, 0, 1, 0, -0.173648, 0, 0.984808, 6.2, 3, 0.1)

[node name="Brick6" parent="." instance=ExtResource("1_060eu")]
transform = Transform3D(-0.173648, 0, -0.984808, 0, 1, 0, 0.984808, 0, -0.173648, 0.0999995, 3, 6.2)

[node name="Brick8" parent="." instance=ExtResource("1_060eu")]
transform = Transform3D(8.74228e-08, -1, -4.37114e-08, -3.82137e-15, 4.37114e-08, -1, 1, 8.74228e-08, 0, -0.0584726, 3, 10.4558)

[node name="Brick9" parent="." instance=ExtResource("1_060eu")]
transform = Transform3D(1, 1.04308e-07, 4.37114e-08, -4.37114e-08, -1.31134e-07, 1, 9.68575e-08, -1, -1.31134e-07, 10.4415, 3, -0.0441875)
